Version 0.9.7
5
 4 10 175 77 128 0 1
 5 80 400 206 81 2 2
 0 110 110 877 276 8 3
 3 778 211 203 58 140 4
 1 162 383 206 81 149 5
 0
32
 0 5 71 288 71 288 71 452 71 452 177 452 177 452 0 1 0 5
 255 5 71 189 71 190 84 190 84 394 177 394 177 394 0 1 0 5
 255 5 71 202 71 202 92 202 92 124 163 124 163 124 0 1 0 3
 255 5 71 215 71 215 84 215 84 371 163 371 163 371 0 1 0 3
 0 5 71 249 71 249 98 249 98 137 163 137 163 137 0 1 0 3
 0 5 71 275 71 275 71 358 71 358 163 358 163 358 0 1 0 3
 16711680 5 237 394 237 394 239 394 239 319 241 319 241 319 0 5 0 3
 0 5 462 319 462 319 462 319 462 358 462 358 462 358 0 3 0 3
 0 5 566 319 566 319 566 319 566 358 566 358 566 358 0 3 0 3
 0 5 670 319 670 319 670 319 670 358 670 358 670 358 0 3 0 3
 255 5 384 176 384 176 384 176 384 124 384 124 384 124 0 3 0 3
 255 5 488 176 488 176 488 176 488 124 488 124 488 124 0 3 0 3
 255 5 592 176 592 176 592 176 592 124 592 124 592 124 0 3 0 3
 0 5 789 248 789 248 789 137 789 137 787 137 787 137 0 4 0 3
 16512 5 631 215 631 215 631 265 844 265 844 255 844 255 0 3 0 4
 16512 5 618 280 618 280 824 280 824 280 824 255 824 255 0 3 0 4
 33023 5 256 394 256 394 256 280 256 280 384 280 384 280 0 5 0 3
 33023 5 313 394 313 394 313 394 313 293 397 293 397 293 0 5 0 3
 16711680 5 294 394 294 394 294 319 294 319 293 319 293 319 0 5 0 3
 33023 5 410 280 410 280 410 280 423 280 423 280 423 280 0 3 0 3
 4259584 5 218 394 218 394 218 305 436 305 436 293 436 293 0 5 0 3
 4259584 5 449 280 449 280 449 276 488 276 488 280 488 280 0 3 0 3
 4259584 5 501 280 501 280 501 273 592 273 592 280 592 280 0 3 0 3
 33023 5 410 293 410 293 404 293 404 215 410 215 410 215 0 3 0 3
 4259584 5 275 394 275 394 275 215 275 215 397 215 397 215 0 5 0 3
 4259584 5 423 215 423 215 423 192 501 192 501 215 501 215 0 3 0 3
 4259584 5 514 215 514 215 514 202 618 202 618 215 618 215 0 3 0 3
 8388863 5 397 202 397 202 397 202 436 202 436 202 436 202 0 3 0 3
 8388863 5 436 280 436 280 436 215 436 215 449 215 449 215 0 3 0 3
 8388863 5 462 215 462 215 462 215 527 215 527 215 527 215 0 3 0 3
 8388863 5 540 215 540 215 540 215 605 215 605 215 605 215 0 3 0 3
 8388863 5 540 189 540 189 540 280 540 280 605 280 605 280 0 3 0 3
3
 7032 1 14 586 228 5 0 2124647300 0 3
 7004 1 14 482 228 5 0 2124647300 0 3
 7086 1 14 378 228 5 0 2124651396 0 3
